242.0 23.2 25.4 30.0 11.52 4.02
290.0 24.0 26.3 31.2 12.48 4.3056
340.0 23.9 26.5 31.1 12.3778 4.6961
363.0 26.3 29.0 33.5 12.73 4.4555
430.0 26.5 29.0 34.0 12.444 5.134
450.0 26.8 29.7 34.7 13.6024 4.9274
500.0 26.8 29.7 34.5 14.1795 5.2785
390.0 27.6 30.0 35.0 12.67 4.69
450.0 27.6 30.0 35.1 14.0049 4.8438
500.0 28.5 30.7 36.2 14.2266 4.9594
475.0 28.4 31.0 36.2 14.2628 5.1042
500.0 28.7 31.0 36.2 14.3714 4.8146
500.0 29.1 31.5 36.4 13.7592 4.368
340.0 29.5 32.0 37.3 13.9129 5.0728
600.0 29.4 32.0 37.2 14.9544 5.1708
600.0 29.4 32.0 37.2 15.438 5.58
700.0 30.4 33.0 38.3 14.8604 5.2854
700.0 30.4 33.0 38.5 14.938 5.1975
610.0 30.9 33.5 38.6 15.633 5.1338
650.0 31.0 33.5 38.7 14.4738 5.7276
575.0 31.3 34.0 39.5 15.1285 5.5695
685.0 31.4 34.0 39.2 15.9936 5.3704
620.0 31.5 34.5 39.7 15.5227 5.2801
680.0 31.8 35.0 40.6 15.4686 6.1306
700.0 31.9 35.0 40.5 16.2405 5.589
725.0 31.8 35.0 40.9 16.36 6.0532
720.0 32.0 35.0 40.6 16.3618 6.09
714.0 32.7 36.0 41.5 16.517 5.8515
850.0 32.8 36.0 41.6 16.8896 6.1984
1000.0 33.5 37.0 42.6 18.957 6.603
920.0 35.0 38.5 44.1 18.0369 6.3063
955.0 35.0 38.5 44.0 18.084 6.292
925.0 36.2 39.5 45.3 18.7542 6.7497
975.0 37.4 41.0 45.9 18.6354 6.7473
950.0 38.0 41.0 46.5 17.6235 6.3705
